0
1
23
24
25
26
27
30
32
34
35
38
39
44
45
48
49
51
59
62
63
64
65
70
71
74
75
82
83
87
94
98
99
103
109
112
116
118
119
127
134
135
136
137
138
142
143
145
146
149
150
157
158
159
160
167
168
173
174
175
176
180
182
199
200
219
221
224
226
231
245
248
249
255
256
261
264
265
268
269
273
275
302
322
323
324
325
327
332
337
338
348
350
356
357
358
359
374
378
389
390
396
415
416
432
442
446
457
458
465
466
470
485
486
492
506
507
508
509
510
511







































